60 103
73
14 33 20 56
25 15 35 72
16 18 20 27
12 21 45 29
18 12 17 14
34 6 26 50
14 13 34 59
25 7 35 19
18 9 22 89
12 13 2 73
6 23 11 22
10 12 25 0
10 12 4 45
7 16 0 57
12 9 48 89
21 5 14 45
7 14 0 0
6 15 14 50
18 5 40 8
10 9 7 89
6 14 14 65
6 14 13 0
16 5 1 98
16 5 37 98
6 13 19 1
7 11 7 61
9 8 35 0
5 14 17 89
5 13 7 8
21 3 36 26
6 9 0 27
6 9 0 36
3 18 6 26
3 16 17 26
4 12 36 29
7 6 42 13
7 6 35 13
10 4 49 0
3 13 0 14
6 6 7 0
6 6 20 50
3 12 4 86
3 12 1 86
5 7 14 79
7 5 53 13
7 5 24 98
6 5 3 21
5 6 37 41
3 9 42 39
3 9 45 87
5 5 40 87
12 2 34 57
3 8 14 14
11 2 49 87
3 7 57 34
3 7 57 27
7 3 53 100
2 10 42 29
2 9 9 21
2 9 58 41
4 4 9 57
3 5 49 14
3 4 4 14
2 6 40 29
2 6 12 16
2 3 44 0
2 3 22 98
1 6 0 96
2 3 57 56
2 3 46 56
1 4 52 56
1 3 36 41
1 2 13 14
