60 92
73
34 6 20 26
33 14 17 32
25 15 30 55
25 7 19 85
23 6 24 17
21 12 32 70
21 5 30 12
21 3 26 23
16 18 0 61
16 7 13 46
16 5 16 71
16 5 3 17
16 3 44 49
14 13 16 58
14 7 29 46
14 6 3 11
14 6 2 55
14 5 16 53
13 5 47 21
13 3 43 52
12 18 5 22
12 13 0 79
12 9 29 3
12 4 5 0
12 3 32 82
12 3 29 0
11 7 6 4
11 2 31 53
10 12 41 0
10 12 50 37
10 9 44 83
9 18 51 3
8 9 24 76
8 3 52 0
7 5 53 70
7 3 43 46
6 15 54 75
6 13 12 79
6 9 7 45
6 9 54 28
6 7 0 4
6 7 1 41
6 6 23 1
6 6 17 1
6 5 24 12
6 5 11 40
6 2 54 26
6 2 54 90
6 1 46 82
5 18 19 7
5 7 2 48
5 7 55 63
5 5 24 7
4 10 56 53
4 4 47 17
4 3 50 34
4 1 22 25
3 18 0 13
3 9 2 31
3 9 21 76
3 7 18 78
3 7 17 25
3 5 8 40
3 2 18 76
3 2 0 11
3 2 50 32
3 1 57 52
2 12 0 48
2 10 17 7
2 9 0 31
2 9 3 22
2 3 17 22
2 1 52 82
