60 100
73
34 6 26 87
33 14 21 29
25 15 0 14
25 7 35 9
23 6 31 23
21 12 26 75
21 5 23 46
21 3 20 0
16 18 0 29
16 7 44 47
16 5 28 95
16 5 41 16
16 3 32 72
14 13 12 78
14 7 26 16
14 6 32 3
14 6 46 3
14 5 12 51
13 5 3 9
13 3 47 44
12 18 20 57
12 13 0 56
12 9 0 47
12 4 16 10
12 3 31 43
12 3 16 6
11 7 49 93
11 2 12 49
10 12 33 51
10 12 1 69
10 9 32 63
9 18 48 64
8 9 6 0
8 3 49 55
7 5 26 51
7 3 4 88
6 15 14 63
6 13 54 31
6 9 43 54
6 9 8 91
6 7 20 93
6 7 42 63
6 6 0 82
6 6 51 58
6 5 25 24
6 5 47 82
6 2 25 4
6 2 43 0
6 1 52 0
5 18 16 31
5 7 6 81
5 7 44 93
5 5 30 11
4 10 0 90
4 4 4 91
4 3 21 3
4 1 33 93
3 18 57 57
3 9 3 0
3 9 11 69
3 7 0 0
3 7 0 7
3 5 14 95
3 2 57 55
3 2 57 16
3 2 17 29
3 1 1 81
2 12 12 57
2 10 28 6
2 9 55 21
2 9 14 0
2 3 58 0
2 1 19 56
