60 92
73
34 6 13 43
33 14 13 5
25 15 0 77
25 7 16 67
23 6 37 31
21 12 25 19
21 5 23 0
21 3 4 74
16 18 25 74
16 7 44 66
16 5 43 73
16 5 44 0
16 3 7 0
14 13 46 18
14 7 0 30
14 6 0 37
14 6 2 24
14 5 2 19
13 5 37 37
13 3 22 40
12 18 16 49
12 13 42 79
12 9 33 51
12 4 0 3
12 3 1 44
12 3 46 5
11 7 33 60
11 2 12 3
10 12 50 37
10 12 50 54
10 9 0 47
9 18 7 56
8 9 14 34
8 3 46 8
7 5 48 49
7 3 0 56
6 15 16 19
6 13 54 79
6 9 1 59
6 9 31 31
6 7 7 12
6 7 10 49
6 6 0 13
6 6 1 7
6 5 1 68
6 5 7 7
6 2 33 49
6 2 39 49
6 1 43 78
5 18 28 49
5 7 45 59
5 7 46 11
5 5 55 49
4 10 54 8
4 4 0 73
4 3 3 0
4 1 43 42
3 18 22 22
3 9 25 31
3 9 28 31
3 7 47 42
3 7 51 11
3 5 47 54
3 2 10 47
3 2 22 20
3 2 41 67
3 1 53 78
2 12 58 6
2 10 0 20
2 9 41 70
2 9 45 50
2 3 35 40
2 1 57 78
