60 102
73
14 33 0 0
15 25 17 62
18 16 37 62
21 12 36 90
18 12 40 44
34 6 14 38
13 14 14 4
7 25 53 18
18 9 20 19
13 12 2 47
23 6 33 56
10 12 50 1
12 10 24 87
16 7 0 71
9 12 29 1
21 5 39 82
7 14 26 44
6 15 38 19
5 18 15 44
10 9 6 93
6 14 0 33
14 6 27 13
5 16 32 62
16 5 44 13
6 13 18 89
11 7 4 64
8 9 2 80
5 14 21 44
5 13 48 31
21 3 23 35
6 9 14 20
9 6 44 25
18 3 0 90
3 16 57 62
4 12 0 59
6 7 25 28
7 6 33 50
4 10 10 80
13 3 38 78
6 6 44 18
6 6 38 5
3 12 14 78
12 3 48 87
7 5 24 97
5 7 33 78
7 5 6 59
6 5 31 28
5 6 35 44
3 9 45 0
3 9 20 29
5 5 38 0
2 12 0 78
3 8 3 94
2 11 48 0
3 7 57 95
3 7 6 33
3 7 11 40
2 10 55 72
9 2 18 0
2 9 58 53
4 4 14 0
5 3 6 44
3 4 41 14
6 2 21 2
2 6 27 5
2 3 43 0
3 2 47 11
1 6 0 94
3 2 18 2
3 2 14 18
1 4 14 29
3 1 41 18
2 1 17 19
