60 92
73
34 6 13 28
13 3 22 64
13 5 8 51
10 12 6 68
10 12 6 80
6 7 6 23
6 15 0 77
25 7 6 37
25 15 32 3
21 12 0 56
16 7 44 64
16 5 29 18
21 3 32 0
21 5 12 23
5 7 0 18
5 5 23 0
4 1 28 0
4 10 28 1
6 13 0 25
12 13 48 71
12 9 48 18
23 6 8 44
7 3 35 64
7 5 5 18
2 1 36 23
2 10 27 13
6 6 12 11
6 5 0 68
14 7 43 34
14 6 16 68
16 3 15 34
16 5 32 72
14 6 46 86
14 5 30 67
14 13 32 79
3 2 32 77
3 7 29 11
11 2 49 84
11 7 31 43
6 7 12 4
6 6 12 17
33 14 21 50
12 4 48 27
12 3 33 25
16 18 16 74
12 3 48 31
12 18 0 0
4 4 2 73
4 3 53 0
3 1 36 24
3 2 33 23
6 9 36 34
6 9 54 55
6 1 24 67
6 2 38 77
5 7 8 30
5 18 1 38
3 9 33 34
3 9 45 19
9 18 18 5
6 5 54 50
6 2 39 23
2 12 6 44
2 9 31 34
8 3 12 1
8 9 42 41
10 9 50 41
3 5 20 0
3 2 35 77
3 18 57 0
3 7 57 34
2 3 0 74
2 9 46 77
