60 92
73
34 6 0 60
13 3 47 36
13 5 5 40
10 12 2 15
10 12 34 61
6 7 34 0
6 15 14 66
25 7 29 79
25 15 35 21
21 12 21 48
16 7 18 38
16 5 10 87
21 3 13 45
21 5 6 9
5 7 30 23
5 5 10 55
4 1 32 86
4 10 42 51
6 13 54 79
12 13 0 27
12 9 1 0
23 6 12 32
7 3 22 78
7 5 4 46
2 1 38 86
2 10 20 71
6 6 54 1
6 5 38 74
14 7 40 0
14 6 40 86
16 3 13 4
16 5 22 73
14 6 15 81
14 5 26 87
14 13 46 48
3 2 1 58
3 7 0 85
11 2 16 7
11 7 23 66
6 7 42 40
6 6 0 9
33 14 27 7
12 4 13 0
12 3 35 36
16 18 44 61
12 3 3 84
12 18 15 14
4 4 42 47
4 3 25 1
3 1 29 78
3 2 13 7
6 9 4 51
6 9 15 51
6 1 42 39
6 2 28 21
5 7 29 0
5 18 9 66
3 9 27 23
3 9 12 23
9 18 0 66
6 5 4 87
6 2 12 38
2 12 0 15
2 9 58 39
8 3 13 48
8 9 34 39
10 9 48 39
3 5 20 66
3 2 32 30
3 18 1 40
3 7 12 16
2 3 13 51
2 9 11 46
