60 102
73
33 14 0 0
25 15 35 63
16 18 26 84
21 12 4 78
12 18 6 27
34 6 15 52
14 13 46 78
25 7 35 45
9 18 51 11
12 13 19 39
23 6 37 39
10 12 41 10
10 12 31 19
16 7 2 95
12 9 42 91
21 5 39 58
14 7 41 29
6 15 0 30
5 18 0 52
10 9 5 52
14 6 25 78
14 6 0 14
16 5 17 68
16 5 44 5
6 13 25 14
11 7 0 20
8 9 33 10
14 5 46 0
13 5 18 73
21 3 34 36
6 9 18 30
6 9 54 93
3 18 31 34
16 3 19 65
12 4 0 90
6 7 12 20
6 7 10 70
4 10 0 70
13 3 5 64
6 6 25 27
6 6 4 70
12 3 18 61
12 3 5 67
5 7 0 45
7 5 53 52
5 7 55 31
6 5 19 94
6 5 45 22
3 9 19 18
3 9 0 81
5 5 14 45
2 12 44 78
8 3 33 31
11 2 5 61
7 3 18 58
3 7 41 22
3 7 22 14
2 10 42 0
2 9 42 78
2 9 23 21
4 4 49 54
3 5 15 90
4 3 33 3
6 2 33 58
6 2 9 50
3 2 34 34
3 2 14 14
6 1 12 63
3 2 0 28
2 3 34 0
4 1 0 27
3 1 30 33
2 1 37 0
